9
30 30 0.000000 66.000000 90.000000 66.000000
14
0 0
0 5
0 10
0 15
0 20
0 25
0 30
0 35
0 40
0 45
0 50
0 55
0 60
0 65
30 40 -5.383506 93.366973 96.603348 93.573776
19
-0.000000 0.000000
-0.015388 4.999968
-0.061551 9.999747
-0.138486 14.999148
-0.246193 19.997979
-0.384665 24.996054
-0.553899 29.993181
-0.753887 34.989172
-0.984622 39.983837
-1.246095 44.976988
-1.538296 49.968435
-1.861215 54.957988
-2.214839 59.945460
-2.599155 64.930660
-3.014147 69.913400
-3.459801 74.893492
-3.936100 79.870746
-4.443025 84.844975
-4.980557 89.815989
40 30 7.949409 102.725800 81.145511 103.135419
21
0.000000 0.000000
0.018721 4.999953
0.074882 9.999626
0.168479 14.998738
0.299509 19.997009
0.467964 24.994159
0.673833 29.989908
0.917106 34.983974
1.197769 39.976079
1.515805 44.965942
1.871199 49.953284
2.263928 54.937825
2.693972 59.919285
3.161306 64.897386
3.665904 69.871847
4.207738 74.842390
4.786777 79.808736
5.402989 84.770607
6.056339 89.727725
6.746791 94.679812
7.474306 99.626589
32 28 2.090492 66.520539 86.398174 66.564328
14
0.000000 0.000000
0.011799 4.999981
0.047196 9.999852
0.106190 14.999499
0.188780 19.998812
0.294963 24.997680
0.424739 29.995991
0.578103 34.993633
0.755052 39.990497
0.955582 44.986469
1.179689 49.981440
1.427369 54.975297
1.698614 59.967929
1.993420 64.959226
28 32 -1.634717 78.040570 92.401217 78.063396
16
-0.000000 0.000000
-0.006707 4.999994
-0.026829 9.999952
-0.060366 14.999838
-0.107317 19.999616
-0.167681 24.999250
-0.241460 29.998704
-0.328651 34.997943
-0.429254 39.996929
-0.543269 44.995627
-0.670695 49.994002
-0.811531 54.992016
-0.965775 59.989635
-1.133428 64.986822
-1.314487 69.983541
-1.508951 74.979757
26 34 -3.080675 87.128975 94.052054 87.201574
18
-0.000000 0.000000
-0.010133 4.999986
-0.040530 9.999890
-0.091192 14.999630
-0.162117 19.999124
-0.253305 24.998289
-0.364753 29.997043
-0.496461 34.995305
-0.648425 39.992992
-0.820644 44.990021
-1.013115 49.986312
-1.225834 54.981782
-1.458797 59.976348
-1.712002 64.969929
-1.985444 69.962443
-2.279118 74.953808
-2.593020 79.943941
-2.927144 84.932761
34 26 6.264671 68.177922 79.494674 68.561038
14
0.000000 0.000000
0.033411 4.999851
0.133639 9.998809
0.300666 14.995981
0.534461 19.990475
0.834983 24.981398
1.202179 29.967860
1.635982 34.948968
2.136316 39.923834
2.703091 44.891570
3.336205 49.851287
4.035546 54.802100
4.800989 59.743125
5.632397 64.673478
20 40 -26.059765 80.383991 126 85.902870
18
-0.000000 0.000000
-0.091227 4.998890
-0.364785 9.991123
-0.820311 14.970051
-1.457198 19.929043
-2.274597 24.861495
-3.271421 29.760839
-4.446341 34.620549
-5.797794 39.434155
-7.323978 44.195246
-9.022863 48.897481
-10.892184 53.534599
-12.929454 58.100424
-15.131959 62.588876
-17.496766 66.993977
-20.020725 71.309861
-22.700475 75.530781
-25.532448 79.651115
40 20 26.280876 80.244616 53.713376 85.865019
18
0.000000 0.000000
0.092140 4.998868
0.368435 9.990945
0.828509 14.969449
1.471738 19.927616
2.297248 24.858712
3.303916 29.756036
4.490377 34.612937
5.855017 39.422815
7.395983 44.179136
9.111181 48.875439
10.998282 53.505344
13.054721 58.062561
15.277705 62.540899
17.664214 66.934274
20.211007 71.236718
22.914622 75.442385
25.771387 79.545562
