7
1.702000 86.602540 50.000000 -30.000000 120.919958
12
0.863863 9.950075
3.429599 19.602393
7.620429 28.668108
13.310943 36.875928
20.330850 43.980233
28.470081 49.768426
37.485067 54.067295
47.106034 56.748197
57.045075 57.730904
67.004763 56.986010
76.687053 54.535805
85.802203 50.453612
1.352941 50.000000 86.602540 30.000000 104.719755
10
0.499583 9.983342
1.993342 19.866933
4.466351 29.552021
7.893901 38.941834
12.241744 47.942554
17.466439 56.464247
23.515781 64.421769
30.329329 71.735609
37.839003 78.332691
45.969769 84.147098
1.168364 25.881905 96.592583 60.000000 101.151516
10
0.258761 9.995535
1.034352 19.964293
2.324694 29.879568
4.126331 39.714800
6.434437 49.443639
9.242828 59.040025
12.543981 68.478248
16.329052 77.733026
20.587902 86.779565
25.309122 95.593630
1.000000 0.000000 100.000000 90.000000 100.000000
10
0.000000 10.000000
0.000000 20.000000
0.000000 30.000000
0.000000 40.000000
0.000000 50.000000
0.000000 60.000000
0.000000 70.000000
0.000000 80.000000
0.000000 90.000000
0.000000 100.000000
0.855898 -25.881905 96.592583 120.000000 101.151516
10
-0.258761 9.995535
-1.034352 19.964293
-2.324694 29.879568
-4.126331 39.714800
-6.434437 49.443639
-9.242828 59.040025
-12.543981 68.478248
-16.329052 77.733026
-20.587902 86.779565
-25.309122 95.593630
0.739130 -50.000000 86.602540 150.000000 104.719755
10
-0.499583 9.983342
-1.993342 19.866933
-4.466351 29.552021
-7.893901 38.941834
-12.241744 47.942554
-17.466439 56.464247
-23.515781 64.421769
-30.329329 71.735609
-37.839003 78.332691
-45.969769 84.147098
0.587544 -86.602540 50.000000 210.000000 120.919958
12
-0.863863 9.950075
-3.429599 19.602393
-7.620429 28.668108
-13.310943 36.875928
-20.330850 43.980233
-28.470081 49.768426
-37.485067 54.067295
-47.106034 56.748197
-57.045075 57.730904
-67.004763 56.986010
-76.687053 54.535805
-85.802203 50.453612
